11857870
11857872
11857873
11857876
11857881
11857879
11857882
11857886
11857890
11857887
11857893
11857899
11857895
11857894
11857897
11857909
11857902
11857903
11857900
11857906
11857901
11857908
11857920
11857917
11857925
11857923
11857926
11857928
11857922
11857934
11857940
11857931
11857936
11857932
11857937
11857945
11857955
11857956
11857948
11857947
11857951
11857961
11857953
11857959
11857971
11857972
11857976
11857975
11857985
11857979
11857969
11857978
11857987
11858006
11857994
11858005
11858010
11857988
11857999
11858002
11857993
11857986
11857989
11858027
11858014
11858020
11858032
11858039
11858017
11858046
11858050
11858011
11858015
11858048
11858043
11858018
11858023
11858031
11858030
11858037
11858016
11858024
11858019
11858036
11858040
11858041
11858025
11858042
11858022
11858079
11858058
11858084
11858088
11858064
11858075
11858063
11858070
11858054
11858055
11858065
11858066
11858072
11858077
11858078
11858076
11858087
11858074
11858071
11858098
11858109
11858103
11858111
11858094
11858108
11858115
11858092
11858113
11858117
11858096
11858106
11858107
11858093
11858095
11858119
11858121
11858123
11858124
11858126
11858125
11858136
11858129
11858135
11858137
11858132
11858141
11858146
11858148
11858147
11858149
11858151
11858154
11858164
11858171
11858166
11858158
11858163
11858169
11858161
11858167
11858173
11858178
11858188
11858184
11858192
11858191
11858175
11858180
11858181
11858182
11858183
11858186
11858193
11858219
11858197
11858214
11858198
11858200
11858217
11858215
11858199
11858205
11858204
11858206
11858216
11858213
11858210
11858218
11858195
11858222
11858220
11858224
11858245
11858223
11858238
11858225
11858230
11858237
11858244
11858221
11858235
11858240
11858241
11858228
11858231
11858239
11858279
11858273
11858280
11858261
11858265
11858274
11858248
11858275
11858283
11858246
11858258
11858291
11858266
11858249
11858263
11858257
11858254
11858278
11858272
11858286
11858285
11858284
11858287
11858313
11858329
11858296
11858314
11858319
11858293
11858302
11858317
11858311
11858310
11858320
11858312
11858323
11858309
11858325
11858308
11858307
11858301
11858326
11858332
11858339
11858349
11858350
11858359
11858364
11858366
11858344
11858345
11858333
11858343
11858371
11858335
11858336
11858342
11858363
11858368
11858351
11858374
11858376
11858375
11858372
11858377
11858380
11858381
11858379
11858386
11858383
11858385
11858387
11858392
11858390
11858389
11858391
11858400
11858409
11858411
11858407
11858412
11858403
11858410
11858420
11858417
11858421
11858419
11858416
11858414
11858426
11858422
11858413
11858451
11858450
11858445
11858432
11858447
11858429
11858449
11858440
11858441
11858448
11858431
11858439
11858434
11858438
11858446
11858452
11858457
11858458
11858456
11858468
11858474
11858478
11858465
11858466
11858480
11858481
11858471
11858463
11858472
11858467
11858461
11858470
11858492
11858505
11858485
11858482
11858504
11858487
11858483
11858499
11858506
11858501
11858496
11858488
11858493
11858500
11858491
11858489
11858502
11858507
11858518
11858510
11858523
11858516
11858519
11858509
11858511
11858527
11858524
11858513
11858538
11858546
11858543
11858534
11858542
11858530
11858536
11858548
11858537
11858532
11858544
11858540
11858551
11858559
11858554
11858567
11858561
11858564
11858566
11858553
11858571
11858575
11858577
11858578
11858599
11858582
11858584
11858595
11858604
11858600
11858589
11858581
11858585
11858587
11858606
11858610
11858608
11858628
11858626
11858623
11858619
11858621
11858622
11858625
11858633
11858639
11858640
11858638
11858636
11858643
11858648
11858651
11858645
11858649
11858650
11858653
11858655
11858656
11858660
11858661
11858659
11858664
11858663
11858666
11858670
11858668
11858671
11858678
11858672
11858673
11858674
11858679
11858681
11858694
11858685
11858691
11858693
11858692
11858700
11858698
11858708
11858701
11858702
11858703
11858707
11858710
11858723
11858719
11858716
11858717
11858722
11858720
11858712
11858713
11858715
11858714
11858724
11858737
11858738
11858739
11858727
11858742
11858733
11858736
11858735
11858740
11858755
11858746
11858757
11858752
11858760
11858745
11858762
11858761
11858750
11858765
11858763
11858747
11858749
11858782
11858769
11858795
11858801
11858804
11858771
11858817
11858829
11858830
11858768
11858784
11858792
11858807
11858788
11858799
11858775
11858778
11858814
11858816
11858832
11858773
11858789
11858820
11858836
11858783
11858839
11858819
11858831
11858810
11858821
11858826
11858842
11858843
11858770
11858811
11858818
11858779
11858803
11858808
11858824
11858827
11858838
11858851
11858856
11858858
11858862
11858857
11858845
11858860
11858846
11858853
11858855
11858854
11858863
12020730
12020731
12020733
12020734
12020735
12020732
12020736
12020737
12020740
12020741
12020739
12020738
12020746
12020743
12020742
12020744
12020745
12020747
12020750
12020748
12020749
12020754
12020751
12020752
12020753
12020755
12020756
12020759
12020757
12020763
12020762
12020761
12020758
12020760
12020778
12020767
12020776
12020765
12020766
12020768
12020769
12020770
12020771
12020772
12020780
12020775
12020781
12020773
12020774
12020764
12020777
12020779
12020791
12020788
12020790
12020785
12020787
12020784
12020795
12020782
12020789
12020793
12020786
12020783
12020792
12020794
12020798
12020796
12020799
12020797
12020800
12020817
12020819
12020824
12020835
12020838
12020809
12020812
12020836
12020841
12020805
12020806
12020839
12020832
12020804
12020818
12020820
12020803
12020831
12020842
12020821
12020802
12020811
12020825
12020826
12020834
12020807
12020801
12020808
12020815
12020837
12020810
12020827
12020828
12020822
12020823
12020833
12020813
12020816
12020830
12020843
12020840
12020814
12020829
12020849
12020845
12020859
12020879
12020854
12020857
12020881
12020893
12020869
12020876
12020882
12020847
12020867
12020872
12020874
12020887
12020865
12020870
12020880
12020873
12020892
12020856
12020878
12020848
12020850
12020855
12020863
12020889
12020861
12020846
12020853
12020866
12020877
12020885
12020858
12020860
12020862
12020883
12020884
12020890
12020894
12020888
12020868
12020871
12020886
12020891
12020844
12020851
12020852
12020864
12020875
12020897
12020896
12020895
12020898
12020902
12020900
12020899
12020901
12020904
12020907
12020903
12020905
12020906
12020909
12020918
12020913
12020914
12020915
12020911
12020910
12020908
12020912
12020916
12020917
12020920
12020927
12020925
12020922
12020919
12020923
12020921
12020926
12020924
12020932
12020938
12020933
12020935
12020936
12020928
12020930
12020931
12020929
12020937
12020934
12020939
12020941
12020943
12020945
12020951
12020944
12020948
12020946
12020949
12020942
12020947
12020940
12020950
12020971
12020985
12020983
12020992
12020993
12020956
12020963
12020967
12020957
12020959
12020973
12020974
12020982
12020987
12020988
12020978
12020980
12020986
12020953
12020969
12020979
12020955
12020958
12020966
12020952
12020968
12020972
12020981
12020970
12020989
12020954
12020977
12020984
12020991
12020960
12020961
12020962
12020964
12020965
12020976
12020975
12020990
12021006
12020998
12021008
12021004
12021009
12021010
12021000
12021002
12021011
12020999
12021001
12020994
12021005
12020996
12020997
12021012
12021003
12020995
12021022
12021020
12021021
12021017
12021024
12021013
12021023
12021019
12021015
12021014
12021018
12021016
12021028
12021052
12021032
12021069
12021072
12021054
12021057
12021065
12021045
12021051
12021062
12021041
12021050
12021055
12021038
12021059
12021063
12021068
12021031
12021035
12021060
12021039
12021046
12021061
12021025
12021030
12021075
12021044
12021073
12021058
12021026
12021036
12021040
12021066
12021071
12021027
12021029
12021033
12021042
12021047
12021048
12021067
12021053
12021064
12021034
12021037
12021043
12021074
12021049
12021056
12021070
12021097
12021086
12021089
12021088
12021098
12021092
12021095
12021077
12021081
12021079
12021080
12021083
12021085
12021087
12021076
12021078
12021094
12021096
12021084
12021100
12021082
12021090
12021091
12021099
12021101
12021102
12021108
12021109
12021106
12021107
12021103
12021110
12021104
12021105
12021111
12021115
12021112
12021113
12021114
12021117
12021118
12021116
12021119
12021120
12021124
12021126
12021121
12021122
12021123
12021128
12021125
12021127
12021129
12021131
12021132
12021140
12021139
12021134
12021135
12021138
12021136
12021141
12021137
12021130
12021133
12021145
12021142
12021144
12021143
12021147
12021154
12021153
12021152
12021146
12021149
12021151
12021148
12021150
12021159
12021156
12021155
12021158
12021157
12021162
12021160
12021161
12021167
12021163
12021166
12021164
12021165
12021168
12021169
12021170
12021172
12021173
12021171
12021174
12021179
12021182
12021176
12021181
12021178
12021184
12021175
12021183
12021177
12021188
12021191
12021185
12021193
12021186
12021194
12021192
12021187
12021190
12021189
12021206
12021201
12021200
12021204
12021197
12021205
12021198
12021202
12021203
12021195
12021196
12021212
12021209
12021207
12021208
12021210
12021211
12021214
12021216
12021215
12021213
12021219
12021223
12021221
12021220
12021217
12021224
12021222
12021218
12021225
12021228
12021230
12021232
12021229
12021227
12021233
12021231
12022742
12021226
12022745
12022744
12022747
12022743
12022750
12022748
12022749
12022732
12022752
12022733
12022751
12022736
12022735
12022734
12022737
12022711
12022740
12022738
12022739
12022741
12022720
12022717
12022713
12022712
12022715
12022719
12022714
12022718
12022727
12022682
12022730
12022723
12022729
12022683
12022724
12022726
12022722
12022725
12022728
12022681
12022731
12022721
12022688
12022684
12022693
12022691
12022692
12022694
12022687
12022689
12022695
12022685
12022686
12022690
12022696
12022703
12022705
12022698
12022708
12022706
12022700
12022701
12022697
12022699
12022709
12022704
12022707
12022702
12022655
12022652
12022659
12022658
12022660
12022661
12022710
12022651
12022654
12022657
12022653
12022656
12022650
12022669
12022678
12022679
12022675
12022665
12022676
12022550
12022667
12022663
12022672
12022549
12022673
12022677
12022671
12022666
12022680
12022662
12022664
12022548
12022668
12022674
12022556
12022553
12022559
12022551
12022552
12022554
12022557
12022558
12022555
12022576
12022592
12022566
12022567
12022572
12022577
12022563
12022573
12022582
12022571
12022583
12022560
12022575
12022562
12022564
12022580
12022584
12022590
12022587
12022561
12022578
12022569
12022581
12022570
12022565
12022574
12022585
12022594
12022589
12022591
12022579
12022588
12022586
12022616
12022603
12022595
12022600
12022621
12022608
12022609
12022612
12022617
12022598
12022607
12022614
12022606
12022613
12022620
12022601
12022615
12022596
12022602
12022605
12022597
12022599
12022604
12022619
12022618
12022610
12022622
12022611
12022630
12022635
12022636
12022640
12022631
12022643
12022642
12022641
12022627
12022629
12022637
12022639
12022638
12022624
12022625
12022632
12022626
12022634
12022644
12022646
12022623
12022628
12022633
12022645
12022353
12022346
12022348
12022351
12022347
12022648
12022352
12022350
12022349
12022649
12022647
12022354
12022345
12022358
12022356
12022357
12022355
12022359
12022361
12022360
12022364
12022362
12022363
12022368
12022370
12022372
12022369
12022365
12022366
12022367
12022371
12022374
12022380
12022377
12022379
12022375
12022373
12022378
12022376
12022381
12022382
12022383
12022387
12022385
12022384
12022386
12022388
12022394
12022393
12022390
12022392
12022391
12022389
12022395
12022398
12022399
12022397
12022400
12022396
12022407
12022402
12022403
12022410
12022405
12022406
12022408
12022401
12022409
12022411
12022412
12022413
12022414
12022415
12022416
12022417
12022418
12022420
12022419
12022423
12022421
12022422
12022424
12022425
12022426
12022430
12022432
12022428
12022429
12022427
12022434
12022433
12022431
12022435
12022440
12022442
12022439
12022443
12022438
12022450
12022444
12022441
12022436
12022448
12022437
12022446
12022451
12022452
12022447
12022449
12022445
12022453
12022456
12022460
12022455
12022461
12022458
12022454
12022457
12022459
12022462
12022465
12022471
12022473
12022474
12022487
12022463
12022467
12022476
12022466
12022485
12022490
12022480
12022472
12022477
12022484
12022468
12022482
12022481
12022464
12022469
12022478
12022479
12022483
12022475
12022470
12022486
12022489
12022488
12022506
12022497
12022499
12022504
12022496
12022494
12022508
12022495
12022502
12022510
12022491
12022492
12022512
12022511
12022493
12022503
12022498
12022509
12022500
12022501
12022507
12022515
12022519
12022528
12022525
12022513
12022523
12022530
12022516
12022518
12022529
12022527
12022521
12022514
12022522
12022517
12022520
12022535
12022533
12022534
12022532
12022526
12022524
12022540
12022536
12022539
12022537
12022542
12022538
12022541
12022546
12022543
12022545
12022544
12022547
12022143
12022144
12022151
12022146
12022147
12022150
12022152
12022145
12022148
12022149
12022154
12022158
12022160
12022153
12022159
12022161
12022157
12022155
12022156
12022173
12022178
12022165
12022168
12022170
12022172
12022175
12022167
12022169
12022179
12022164
12022176
12022166
12022177
12022163
12022174
12022180
12022162
12022171
12022191
12022196
12022183
12022181
12022190
12022187
12022186
12022188
12022192
12022182
12022194
12022185
12022184
12022193
12022189
12022195
12022207
12022204
12022210
12022199
12022200
12022197
12022206
12022198
12022211
12022203
12022205
12022201
12022208
12022202
12022209
12022218
12022213
12022212
12022224
12022222
12022217
12022220
12022225
12022223
12022219
12022214
12022221
12022215
12022216
12022236
12022239
12022227
12022235
12022231
12022237
12022229
12022226
12022234
12022241
12022240
12022230
12022228
12022232
12022238
12022233
12022242
12022245
12022244
12022243
12022247
12022246
12022249
12022248
12022252
12022250
12022251
12022253
12022255
12022254
12022259
12022256
12022258
12022257
12022264
12022262
12022260
12022263
12022261
12022265
12022269
12022270
12022266
12022268
12022267
12022274
12022273
12022271
12022272
12022275
12022276
12022277
12022278
12022284
12022283
12022279
12022282
12022280
12022285
12022281
12022286
12022287
12022289
12022288
12022304
12022307
12022301
12022310
12022314
12022290
12022305
12022292
12022299
12022319
12022298
12022309
12022316
12022317
12022296
12022295
12022308
12022294
12022293
12022291
12022302
12022313
12022297
12022306
12022303
12022311
12022315
12022312
12022321
12022343
12022338
12022326
12022327
12022330
12022323
12022344
12022328
12022341
12022331
12022332
12021743
12022329
12022333
12021746
12022320
12022334
12022324
12021747
12022335
12021745
12022322
12022325
12022337
12022340
12021744
12022339
12022342
12022336
12021742
12021765
12021769
12021748
12021749
12021750
12021751
12021763
12021757
12021756
12021760
12021761
12021752
12021753
12021764
12021767
12021758
12021771
12021773
12021776
12021766
12021774
12021777
12021772
12021754
12021762
12021755
12021759
12021775
12021770
12021768
12021778
12021784
12021796
12021798
12021792
12021801
12021785
12021794
12021800
12021802
12021805
12021780
12021789
12021791
12021788
12021793
12021797
12021783
12021807
12021786
12021816
12021782
12021781
12021790
12021813
12021779
12021787
12021809
12021811
12021803
12021806
12021808
12021795
12021799
12021812
12021814
12021810
12021804
12021815
12021820
12021817
12021818
12021819
12021824
12021821
12021825
12021826
12021827
12021822
12021823
12021833
12021838
12021830
12021837
12021835
12021831
12021836
12021839
12021832
12021828
12021829
12021834
12021843
12021846
12021841
12021845
12021840
12021844
12021842
12021847
12021852
12021848
12021849
12021850
12021853
12021851
12021854
12021855
12021857
12021856
12021858
12021866
12021859
12021860
12021864
12021861
12021865
12021862
12021863
12021868
12021870
12021867
12021871
12021869
12021872
12021884
12021873
12021880
12021874
12021878
12021882
12021876
12021879
12021877
12021881
12021883
12021875
12021891
12021890
12021892
12021887
12021889
12021895
12021894
12021886
12021893
12021888
12021896
12021885
12021897
12021899
12021905
12021898
12021903
12021904
12021901
12021900
12021902
12021906
12021908
12021909
12021912
12021914
12021907
12021910
12021911
12021913
12021918
12021917
12021915
12021916
12021920
12021919
12021921
12021922
12021926
12021923
12021925
12021924
12021928
12021935
12021929
12021938
12021934
12021930
12021931
12021932
12021927
12021936
12021933
12021937
12021942
12021941
12021939
12021943
12021940
12021944
12021946
12021945
12021949
12021948
12021951
12021953
12021955
12021958
12021957
12021950
12021956
12021954
12021952
12021947
12021960
12021968
12021966
12021967
12021969
12021965
12021970
12021959
12021971
12021962
12021964
12021961
12021963
12021978
12021976
12021977
12021980
12021975
12021973
12021972
12021974
12021979
12021981
12021982
12021983
12021985
12021984
12021987
12021986
12021988
12021989
12021993
12021991
12021995
12021990
12021994
12021992
12021996
12022000
12022001
12021998
12021997
12021999
12022007
12022005
12022002
12022006
12022003
12022004
12022008
12022010
12022011
12022009
12022012
12022013
12022025
12022017
12022023
12022024
12022019
12022015
12022014
12022021
12022020
12022016
12022018
12022022
12022038
12022031
12022026
12022027
12022028
12022034
12022029
12022030
12022033
12022040
12022037
12022032
12022035
12022036
12022039
12022042
12022053
12022054
12022052
12022047
12022048
12022043
12022049
12022044
12022041
12022051
12022045
12022046
12022050
12022056
12022063
12022059
12022058
12022062
12022060
12022055
12022057
12022061
12022065
12022069
12022066
12022070
12022064
12022067
12022068
12022074
12022071
12022072
12022073
12022078
12022081
12022080
12022077
12022075
12022079
12022076
12022089
12022092
12022082
12022083
12022085
12022090
12022093
12022084
12022091
12022087
12022088
12022094
12022086
12022098
12022102
12022103
12022095
12022100
12022096
12022101
12022099
12022097
12022104
12022105
12022107
12022106
12022108
12022113
12022117
12022114
12022116
12022112
12022109
12022115
12022110
12022118
12022111
12022119
12022121
12022123
12022122
12022120
12022125
12022127
12022129
12022126
12022130
12022128
12022136
12022133
12022134
12022135
12022137
12022139
12022138
12022131
12022132
12022140
12021247
12022141
12021240
12021238
12021242
12021244
12021241
12021237
12021243
12021235
12021236
12021246
12021239
12021245
12022142
12021234
12021253
12021270
12021268
12021255
12021256
12021258
12021252
12021262
12021257
12021266
12021269
12021272
12021249
12021251
12021254
12021250
12021271
12021260
12021248
12021261
12021263
12021267
12021259
12021265
12021279
12021294
12021276
12021284
12021296
12021277
12021282
12021286
12021280
12021295
12021278
12021290
12021288
12021273
12021291
12021297
12021287
12021293
12021275
12021281
12021283
12021289
12021285
12021302
12021304
12021306
12021307
12021303
12021313
12021305
12021312
12021315
12021310
12021316
12021301
12021298
12021300
12021308
12021299
12021311
12021309
12021317
12021314
12021327
12021330
12021352
12021320
12021334
12021343
12021331
12021346
12021342
12021318
12021329
12021345
12021319
12021341
12021340
12021348
12021351
12021322
12021339
12021333
12021344
12021328
12021353
12021321
12021323
12021324
12021325
12021349
12021326
12021336
12021332
12021335
12021347
12021350
12021337
12021361
12021354
12021355
12021359
12021365
12021363
12021374
12021381
12021378
12021380
12021383
12021382
12021385
12021356
12021358
12021367
12021375
12021384
12021362
12021373
12021366
12021371
12021379
12021357
12021364
12021369
12021372
12021360
12021376
12021368
12021370
12021377
12021388
12021405
12021401
12021411
12021389
12021394
12021400
12021414
12021391
12021395
12021413
12021386
12021387
12021392
12021396
12021398
12021403
12021409
12021407
12021415
12021393
12021402
12021390
12021406
12021410
12021397
12021404
12021399
12021412
12021408
12021416
12021418
12021421
12021419
12021420
12021422
12021417
12021431
12021424
12021427
12021426
12021428
12021423
12021430
12021432
12021425
12021429
12021435
12021434
12021433
12021438
12021436
12021437
12021439
12021441
12021440
12021442
12021445
12021447
12021443
12021444
12021446
12021449
12021448
12021457
12021451
12021456
12021450
12021454
12021452
12021453
12021455
12021462
12021469
12021495
12021464
12021474
12021490
12021466
12021472
12021480
12021491
12021487
12021460
12021461
12021465
12021468
12021459
12021463
12021481
12021494
12021458
12021473
12021492
12021482
12021484
12021485
12021486
12021493
12021498
12021479
12021477
12021497
12021488
12021489
12021496
12021467
12021470
12021471
12021476
12021478
12021475
12021483
12021507
12021522
12021506
12021508
12021523
12021509
12021510
12021513
12021501
12021511
12021520
12021516
12021515
12021517
12021525
12021499
12021500
12021504
12021512
12021518
12021521
12021526
12021505
12021502
12021503
12021524
12021514
12021519
12021531
12021534
12021527
12021529
12021528
12021530
12021533
12021532
12021544
12021552
12021540
12021545
12021548
12021546
12021541
12021537
12021539
12021547
12021543
12021551
12021550
12021542
12021535
12021536
12021549
12021538
12021553
12021567
12021562
12021582
12021560
12021592
12021555
12021569
12021570
12021559
12021554
12021563
12021564
12021574
12021588
12021590
12021589
12021571
12021577
12021587
12021591
12021565
12021573
12021556
12021558
12021579
12021585
12021561
12021575
12021583
12021566
12021568
12021572
12021557
12021593
12021578
12021586
12021580
12021581
12021584
12021605
12021612
12021597
12021600
12021598
12021594
12021602
12021608
12021595
12021596
12021599
12021607
12021609
12021611
12021601
12021603
12021604
12021606
12021610
12021615
12021616
12021614
12021613
12021617
12021618
12021619
12021621
12021622
12021620
12021623
12021624
12021626
12021625
12021627
12021630
12021633
12021631
12021632
12021629
12021628
12021643
12021641
12021635
12021638
12021636
12021637
12021639
12021634
12021642
12021650
12021647
12021652
12021654
12021644
12021653
12021648
12021649
12021651
12021646
12021655
12021659
12021656
12021657
12021660
12021658
12021664
12021673
12021672
12021669
12021670
12021671
12021661
12021667
12021668
12021665
12021666
12021662
12021663
12021676
12021678
12021674
12021675
12021677
12021680
12021681
12021679
12021682
12021690
12021687
12021684
12021683
12021689
12021691
12021688
12021685
12021686
12021697
12021695
12021694
12021696
12021698
12021693
12021692
12021700
12021701
12021699
12021702
12021703
12021704
12021706
12021708
12021712
12021710
12021711
12021709
12021713
12021705
12021707
12021714
12021719
12021717
12021720
12021716
12021718
12021721
12021715
12021722
12021723
12021734
12021735
12021732
12021736
12021726
12021730
12021738
12021727
12021729
12021737
12021725
12021724
12021728
12021731
12021740
12021739
12021741
11857865
11857866
11857864
11857869
11857868
11857867
11857871
11857878
11857877
11857874
11857875
11857880
11857884
11857883
11857885
11857888
11857892
11857891
11857889
11857911
11857904
11857896
11857914
11857912
11857905
11857915
11857910
11857913
11857898
11857916
11857907
11857921
11857927
11857924
11857935
11857938
11857918
11857929
11857933
11857919
11857930
11857939
11857949
11857952
11857954
11857946
11857950
11857943
11857944
11857941
11857942
11857957
11857958
11857962
11857960
11857964
11857965
11857966
11857963
11857967
11857980
11857981
11857970
11857968
11857974
11857973
11857977
11857982
11857990
11857992
11857995
11857984
11857983
11857991
11858008
11857998
11858004
11858007
11858000
11858001
11858003
11858009
11857996
11857997
11858012
11858021
11858028
11858029
11858013
11858026
11858045
11858044
11858034
11858033
11858038
11858047
11858035
11858049
11858057
11858067
11858056
11858062
11858068
11858051
11858060
11858061
11858052
11858053
11858059
11858080
11858082
11858086
11858083
11858089
11858073
11858085
11858090
11858069
11858091
11858110
11858102
11858116
11858112
11858100
11858097
11858101
11858114
11858105
11858099
11858104
11858118
11858120
11858122
11858128
11858127
11858130
11858131
11858134
11858138
11858133
11858142
11858140
11858139
11858143
11858150
11858144
11858145
11858177
11858211
11858152
11858159
11858165
11858179
11858172
11858157
11858174
11858190
11858196
11858201
11858185
11858162
11858170
11858153
11858160
11858176
11858208
11858156
11858194
11858202
11858203
11858209
11858212
11858155
11858187
11858189
11858207
11858236
11858242
11858253
11858260
11858247
11858264
11858271
11858229
11858232
11858267
11858227
11858233
11858252
11858226
11858268
11858251
11858259
11858269
11858234
11858250
11858243
11858262
11858255
11858270
11858292
11858276
11858288
11858290
11858295
11858281
11858297
11858294
11858277
11858289
11858282
11858315
11858300
11858298
11858324
11858330
11858338
11858353
11858306
11858322
11858316
11858337
11858305
11858299
11858304
11858318
11858340
11858334
11858346
11858348
11858354
11858303
11858341
11858347
11858352
11858331
11858327
11858328
11858321
11858367
11858360
11858362
11858355
11858356
11858365
11858358
11858361
11858373
11858370
11858369
11858378
11858382
11858384
11858388
11858393
11858399
11858396
11858395
11858394
11858398
11858397
11858404
11858401
11858402
11858405
11858408
11858415
11858418
11858424
11858427
11858425
11858428
11858423
11858430
11858443
11858435
11858437
11858436
11858442
11858444
11858433
11858455
11858473
11858464
11858462
11858453
11858475
11858459
11858469
11858454
11858460
11858479
11858476
11858490
11858486
11858477
11858484
11858497
11858498
11858495
11858503
11858494
11858520
11858522
11858515
11858521
11858517
11858525
11858514
11858512
11858508
11858526
11858533
11858565
11858531
11858535
11858560
11858528
11858541
11858545
11858547
11858539
11858556
11858549
11858529
11858558
11858555
11858557
11858563
11858550
11858552
11858562
11858588
11858574
11858580
11858572
11858579
11858583
11858598
11858601
11858602
11858591
11858568
11858593
11858596
11858594
11858592
11858569
11858570
11858586
11858590
11858573
11858576
11858597
11858603
11858613
11858629
11858635
11858614
11858616
11858642
11858609
11858612
11858607
11858611
11858652
11858615
11858634
11858620
11858617
11858644
11858641
11858605
11858618
11858631
11858632
11858624
11858627
11858630
11858637
11858646
11858647
11858658
11858665
11858657
11858662
11858654
11858669
11858667
11858680
11858675
11858677
11858676
11858684
11858689
11858683
11858687
11858682
11858686
11858688
11858690
11858695
11858696
11858697
11858705
11858704
11858699
11858706
11858709
11858718
11858721
11858711
11858728
11858734
11858743
11858744
11858725
11858726
11858730
11858732
11858731
11858741
11858729
11858754
11858756
11858758
11858759
11858764
11858751
11858753
11858748
11858766
11858796
11858780
11858787
11858786
11858781
11858802
11858776
11858797
11858809
11858791
11858798
11858813
11858767
11858793
11858812
11858772
11858777
11858805
11858774
11858794
11858800
11858785
11858790
11858806
11858823
11858828
11858834
11858835
11858866
11858844
11858837
11858847
11858825
11858840
11858841
11858848
11858833
11858865
11858852
11858815
11858849
11858868
11858864
11858867
11858850
11858859
11858822
11858861
12014063
12014064
12014062
12014065
12014066
12014069
12014068
12014067
12014071
12014070
12014077
12014072
12014074
12014075
12014073
12014076
12014082
12014086
12014087
12014079
12014081
12014088
12014089
12014080
12014084
12014085
12014078
12014083
12014096
12014099
12014097
12014100
12014102
12014092
12014091
12014093
12014101
12014095
12014094
12014098
12014090
12014103
12014110
12014112
12014109
12014111
12014106
12014105
12014104
12014108
12014107
12014116
12014117
12014113
12014115
12014118
12014114
12014123
12014119
12014121
12014120
12014124
12014125
12014127
12014126
12014122
12014133
12014134
12014129
12014130
12014132
12014131
12014135
12014137
12014136
12014141
12014138
12014144
12014140
12014139
12014143
12014142
12014151
12014148
12014152
12014150
12014149
12014147
12014146
12014145
12014153
12014155
12014157
12014158
12014154
12014156
12014159
12014162
12014164
12014166
12014163
12014165
12014160
12014161
12014170
12014168
12014171
12014167
12014169
12014176
12014173
12014174
12014181
12014180
12014179
12014172
12014178
12014175
12014186
12014185
12014184
12014183
12014182
12014187
12014196
12014199
12014197
12014202
12014203
12014198
12014201
12014200
12014189
12014192
12014195
12014188
12014190
12014194
12014193
12014191
12014209
12014211
12014205
12014210
12014204
12014212
12014213
12014206
12014208
12014214
12014215
12014219
12014216
12014218
12014217
12014222
12014223
12014221
12014220
12014228
12014230
12014225
12014227
12014229
12014226
12014224
12014231
12014236
12014232
12014234
12014233
12014235
12014237
12014240
12014239
12014238
12014243
12014244
12014245
12014246
12014241
12014242
12014247
12014251
12014248
12014249
12014250
12014252
12014255
12014253
12014254
12014263
12014260
12014259
12014261
12014262
12014256
12014258
12014257
12014265
12014264
12014271
12014273
12014275
12014268
12014266
12014267
12014272
12014269
12014274
12014270
12014278
12014277
12014282
12014283
12014276
12014284
12014280
12014281
12014285
12014279
12014289
12014286
12014287
12014288
12014290
12014292
12014291
12014295
12014298
12014302
12014305
12014301
12014311
12014296
12014297
12014300
12014303
12014306
12014309
12014307
12014312
12014315
12014293
12014294
12014313
12014304
12014308
12014310
12014314
12014299
12014319
12014321
12014320
12014324
12014318
12014326
12014316
12014317
12014323
12014322
12014325
12014330
12014340
12014341
12014333
12014334
12014335
12014332
12014331
12014344
12014339
12014329
12014337
12014342
12014345
12014327
12014338
12014328
12014346
12014347
12014343
12014348
12014336
12014356
12014353
12014368
12014350
12014354
12014367
12014359
12014358
12014351
12014355
12014364
12014363
12014362
12014365
12014366
12014361
12014349
12014352
12014357
12014360
12014374
12014375
12014370
12014377
12014379
12014376
12014369
12014372
12014373
12014378
12014371
12014385
12014392
12014409
12014387
12014391
12014398
12014382
12014393
12014381
12014414
12014394
12014402
12014380
12014386
12014405
12014384
12014400
12014401
12014383
12014390
12014399
12014395
12014413
12014403
12014404
12014406
12014396
12014407
12014411
12014389
12014397
12014408
12014388
12014410
12014412
12014417
12014416
12014415
12014419
12014418
12014423
12014422
12014421
12014420
12014424
12014425
12014426
12014427
12014430
12014429
12014428
12014433
12014435
12014432
12014434
12014431
12014436
12014440
12014438
12014439
12014437
12014441
12014448
12014445
12014449
12014442
12014447
12014446
12014444
12014443
12014450
12014453
12014454
12014452
12014459
12014455
12014457
12014460
12014458
12014456
12014462
12014461
12014463
12014467
12014464
12014468
12014466
12014465
12014476
12014485
12014478
12014479
12014484
12014470
12014477
12014469
12014473
12014475
12014471
12014472
12014480
12014481
12014483
12014482
12014487
12014488
12014506
12014495
12014511
12014513
12014496
12014504
12014512
12014502
12014508
12014509
12014507
12014514
12014491
12014501
12014494
12014498
12014510
12014489
12014499
12014505
12014497
12014503
12014490
12014492
12014493
12014515
12014500
12014519
12014532
12014523
12014536
12014520
12014522
12014517
12014521
12014526
12014516
12014518
12014543
12014524
12014525
12014527
12014534
12014535
12014528
12014529
12014542
12014539
12014540
12014541
12014530
12014538
12014531
12014533
12014537
12014565
12014568
12014546
12014548
12014552
12014560
12014562
12014550
12014559
12014547
12014569
12014545
12014558
12014566
12014567
12014551
12014554
12014555
12014564
12014572
12014556
12014563
12014561
12014571
12014574
12014544
12014553
12014557
12014549
12014570
12014573
12014581
12014587
12014594
12014601
12014598
12014578
12014582
12014591
12014576
12014596
12014575
12014585
12014589
12014580
12014584
12014577
12014586
12014592
12014583
12014605
12014590
12014595
12014597
12014608
12014599
12014607
12014588
12014602
12014603
12014610
12014593
12014606
12014609
12014604
12014612
12014613
12014611
12014616
12014614
12014615
12014617
12014618
12014621
12014620
12014619
12014622
12014626
12014623
12014625
12014627
12014624
12014629
12014628
12014630
12014632
12014633
12014634
12014631
12014635
12014636
12014637
12014638
12014641
12014639
12014640
12014642
12014645
12014643
12014644
12014646
12014648
12014647
12014649
12014650
12014653
12014652
12014651
12014654
12014655
12014657
12014659
12014658
12014660
12014656
12014661
12014663
12014662
12014665
12014664
12014666
12014669
12014670
12014667
12014668
12014673
12014672
12014674
12014671
12014676
12014675
12014677
12014680
12014681
12014679
12014678
12014683
12014684
12014685
12014682
12014687
12014691
12014697
12014686
12014692
12014690
12014696
12014689
12014688
12014693
12014694
12014695
12014709
12014715
12014703
12014712
12014717
12014713
12014700
12014705
12014706
12014721
12014704
12014708
12014716
12014698
12014699
12014702
12014710
12014701
12014719
12014718
12014707
12014711
12014714
12014720
12014751
12014755
12014729
12014734
12014738
12014753
12014748
12014741
12014744
12014727
12014730
12014731
12014749
12014752
12014737
12014745
12014733
12014740
12014742
12014746
12014732
12014723
12014724
12014728
12014726
12014743
12014725
12014747
12014754
12014735
12014736
12014750
12014722
12014739
12014761
12014766
12014757
12014767
12014763
12014764
12014759
12014762
12014765
12014756
12014760
12014758
12014773
12014776
12014777
12014781
12014783
12014787
12014774
12014786
12014772
12014780
12014769
12014784
12014768
12014771
12014778
12014782
12014770
12014775
12014788
12014789
12014779
12014785
12014796
12014799
12014798
12014803
12014792
12014805
12014806
12014795
12014791
12014804
12014793
12014794
12014797
12014802
12014790
12014801
12014800
12014811
12014808
12014816
12014814
12014807
12014815
12014819
12014810
12014809
12014812
12014813
12014817
12014818
12014821
12014820
12014822
12014823
12014826
12014824
12014825
12014832
12014830
12014829
12014827
12014828
12014833
12014831
12014836
12014837
12014838
12014839
12014835
12014834
12014840
12014841
12014844
12014843
12014842
12014850
12014848
12014847
12014846
12014845
12014849
12014851
12014853
12014855
12014854
12014852
12014856
12014859
12014858
12014857
12014871
12014863
12014866
12014870
12014865
12014869
12014867
12014868
12014872
12014860
12014861
12014862
12014864
12014876
12014878
12014873
12014874
12014875
12014877
12014879
12014884
12014881
12014882
12014880
12014883
12014887
12014886
12014885
12014889
12014890
12014888
12014894
12014892
12014896
12014899
12014893
12014898
12014903
12014901
12014902
12014897
12014891
12014900
12014895
12014905
12014908
12014904
12014912
12014909
12014910
12014907
12014911
12014906
12014916
12014914
12014915
12014913
12014917
12014920
12014921
12014922
12014918
12014919
12014924
12014929
12014930
12014926
12014927
12014928
12014925
12014923
12014951
12014932
12014943
12014945
12014947
12014934
12014937
12014941
12014938
12014942
12014944
12014935
12014940
12014950
12014933
12014939
12014946
12014948
12014961
12014952
12014957
12014963
12014953
12014954
12014958
12014959
12014955
12014960
12014964
12014966
12014965
12014956
12014962
12014969
12014981
12014985
12014974
12014975
12014971
12014972
12014976
12014967
12014979
12014973
12014984
12014986
12014977
12014978
12014980
12014982
12014983
12014968
12014988
12014993
12014994
12014990
12014996
12014991
12014995
12014998
12014987
12014992
12014997
12014989
12014999
12015001
12015004
12015003
12015007
12015000
12015005
12015002
12015006
12015011
12015008
12015012
12015013
12015009
12015010
12015022
12015018
12015019
12015021
12015017
12015020
12015016
12015014
12015015
12015023
12015024
12015025
12015029
12015028
12015026
12015027
12015031
12015033
12015030
12015034
12015032
12015036
12015038
12015037
12015035
12015045
12015039
12015046
12015043
12015047
12015040
12015041
12015042
12015044
12015054
12015049
12015048
12015055
12015050
12015051
12015053
12015052
12015056
12015062
12015059
12015057
12015060
12015058
12015061
12015063
12015065
12015066
12015064
12015071
12015073
12015070
12015072
12015068
12015067
12015069
12015076
12015075
12015074
12015077
12015078
12015082
12015083
12015079
12015080
12015081
12015085
12015086
12015084
12015089
12015088
12015087
12015090
12015094
12015093
12015092
12015091
12015100
12015098
12015095
12015101
12015102
12015097
12015096
12015099
12015115
12015105
12015109
12015108
12015111
12015112
12015113
12015114
12015104
12015110
12015106
12015107
12015103
12015118
12015119
12015117
12015120
12015116
12015121
12015124
12015127
12015130
12015123
12015122
12015125
12015128
12015126
12015129
12015135
12015140
12015134
12015131
12015146
12015133
12015141
12015138
12015143
12015136
12015139
12015144
12015137
12015145
12015132
12015142
12015174
12015185
12015147
12015167
12015180
12015183
12015188
12015194
12015177
12015186
12015148
12015149
12015158
12015161
12015160
12015164
12015195
12015157
12015162
12015153
12015159
12015172
12015184
12015173
12015150
12015156
12015168
12015176
12015182
12015196
12015154
12015166
12015171
12015155
12015169
12015178
12015179
12015163
12015165
12015190
12015170
12015189
12015151
12015193
12015187
12015191
12015175
12015181
12015152
12015192
12015212
12015224
12015233
12015235
12015210
12015225
12015229
12015232
12015208
12015226
12015230
12015236
12015202
12015211
12015227
12015240
12015241
12015242
12015216
12015205
12015207
12015209
12015199
12015204
12015206
12015213
12015214
12015203
12015217
12015234
12015238
12015239
12015243
12015200
12015198
12015218
12015237
12015215
12015223
12015197
12015219
12015220
12015221
12015222
12015201
12015228
12015231
12015247
12015263
12015245
12015258
12015244
12015265
12015266
12015255
12015254
12015246
12015256
12015262
12015250
12015259
12015269
12015249
12015264
12015260
12015248
12015261
12015252
12015253
12015257
12015268
12015270
12015251
12015286
12015271
12015272
12015275
12015285
12015287
12015273
12015274
12015281
12015284
12015276
12015280
12015277
12015278
12015282
12015283
12015292
12015301
12015304
12015296
12015300
12015294
12015290
12015289
12015305
12015295
12015298
12015288
12015299
12015291
12015293
12015303
12015297
12015302
12015307
12015306
12015308
12015312
12015309
12015313
12015310
12015311
12015317
12015315
12015319
12015316
12015314
12015318
12015324
12015325
12015321
12015323
12015322
12015320
12015326
12015327
RE49775
RE49778
11857768
11859211
11859480
11859579
11859979
11860185
11860260
11860283
11860284
11860286
11860287
11860586
11860730
11860785
11860992
11861046
11861172
11861583
11861605
11863250
11863271
11863289
11863290
11863291
11863292
11863317
11863440
11863457
11863470
11863621
11863802
11863980
11864142
11864401
11865698
11865814
11866196
11866202
11866204
11866778
11866819
11867139
11867174
11867216
11867249
11867510
11867511
11867516
11867823
11867913
11868209
11868300
11868445
11868981
11869103
11869246
11869739
11870140
11870183
11870540
11870542
11870543
11870544
11870550
11870620
11870759
11870763
11870915
11871008
11871335
11871365
11871384
11871663
11872668
11872682
11872688
11872867
11872956
11873010
11873091
11873115
11873119
11873121
11873122
11873123
11873729
11874117
11874380
11874382
11874774
11875206
11875218
11875348
11875411
11875524
11875678
11875701
11876322
11876546
11876565
11876598
11876601
11876602
11876603
11876622
11876876
11876878
11876879
11877153
11877186
11883890
11884396
11884408
11884414
11884421
11884425
11884427
11885028
11885328
11885601
11885711
11885730
11885888
11885889
11885891
11885892
11885894
11886247
11887253
11888209
11888214
11888222
11888228
11888519
11888576
11888577
11888865
11888982
11889093
11889442
11889443
11889583
11889590
11878327
11878391
11878438
11878594
11878745
11878771
11878784
11878801
11878807
11878816
11878817
11878818
11878819
11878820
11878821
11879167
11879410
11879416
11879503
11879595
11879982
11880018
11880810
11880908
11881021
11881109
11881914
11881927
11882024
11882029
11882138
11882591
11882604
11890064
11891148
11891158
11891195
11891196
11891289
11891772
11891919
11891951
11891965
11891967
11892238
11892277
11892296
11892544
11892545
11892546
11892548
11892549
11893426
11893566
11893788
11894610
11894899
11894911
11894914
11894918
11894919
11895114
11895190
11895546
11895578
11895585
11895604
11895752
11896321
11896985
11897576
11897578
11897593
11897604
11897635
11897636
11897677
11897704
11897793
11897826
11898054
11898133
11898517
11898519
11898556
11898828
11898850
11899117
11899471
11899547
11900310
11900417
11900470
11900572
11900670
11900741
11900820
11901632
11901958
11901987
11902001
11902009
11902010
11902011
11902062
11902090
11902146
11902153
11902189
11902209
11902602
11902791
11902904
11903051
11904383
11904461
11904471
11904777
11904992
11904999
11905045
11905084
11905152
11905913
11905914
11905936
11905978
11906255
11906260
11906274
11906588
11906601
11906634
11906639
11906640
11906643
11906918
11907202
11907658
11908185
11908189
11909104
11909109
11909446
11909468
11909502
11909503
11909504
11909505
11909506
11909507
11909508
11909521
11909526
11909552
11909593
11909627
11909689
11909841
11909855
11910135
11910236
11910280
11910304
11910339
11910447
11910450
11910477
11911255
11911484
11911754
11911961
11912406
11912437
11912439
11912440
11912441
11912463
11913023
11913349
11913410
11913523
11913806
11914049
11914050
11914051
11914054
11914056
11914100
11914395
11914546
11914585
11914674
11915458
11915588
11916352
11916592
11916647
11916649
11916650
11916651
11916652
11916653
11916654
11916675
11916679
11916704
11916885
11916962
11916990
11916997
11917258
11917465
11917519
11917577
11918011
11919072
11919263
11919641
11919662
11919663
11919665
11920225
11920426
11920540
11920541
11920543
11921222
11921223
11921637
11921693
11922268
11922572
11922821
11923887
11923913
11923922
11923923
11923960
11923962
11923963
11924033
11924101
11924309
11924375
11924553
11924811
11924818
11924821
11924830
11924832
11924845
11924872
11924884
11924892
11925043
11926037
11926073
11926212
11926415
11926439
11926441
11926442
11926515
11926740
11927151
11927152
11927281
11927678
11927680
11927681
11927918
11927923
11928313
11928669
11928977
11929777
11929804
11929806
11929818
11929819
11929821
11929824
11929828
11929925
11930239
11930296
11930388
11930463
11930475
11930515
11930526
11930583
11932374
11932407
11932408
11932423
11932424
11932425
11932426
11932724
11933154
11933249
11933296
11933498
11933587
11933673
11933881
11933904
11933905
11934561
11935115
11936335
11936442
11936457
11936463
11936464
11936511
11936523
11936553
11936564
11936649
11936760
11936956
11937193
11937194
11937199
11937293
11937297
11939050
11939071
11939077
11939080
11939088
11939161
11939169
11939935
11940247
11940253
11940255
11940260
11940277
11940282
11940540
11940541
11940542
11940543
11940816
11940817
11940943
11941410
11943042
11943043
11943044
11943083
11943201
11943209
11943243
11943312
11943328
11943621
11943706
11943724
11943790
11943852
11944917
11945406
11945416
11945572
11945605
11945606
11945608
11945609
11945759
11946727
11946730
11946746
11947018
11947019
11947020
11947022
11947023
11947024
11947025
11947028
11947480
11947636
11947740
11947990
11948024
11948029
11948463
11948697
11948705
11949438
11949470
11949494
11949495
11949496
11949501
11949506
11949667
11949699
11949765
11949774
11950109
11950196
11950237
11950263
11950284
RE49911
11950567
11951041
11951056
11951185
11951910
11952082
11952117
11952119
11952146
11952150
11952349
11952594
11952965
11952966
11952983
11953010
11953020
11953524
11953579
11953606
11953607
11953608
11953609
11954052
11954143
11954249
11955130
11955172
11955277
11955715
11956014
11956065
11956066
11956098
11956173
11956174
11956305
11956311
11956629
11956670
11956682
11956749
11956829
11957833
11958121
11958266
11958574
11958578
11958603
11958629
11958633
11958636
11958637
11958638
11958639
11958641
11959059
11959438
11959485
11959728
11959748
11960001
11960010
11960018
11960050
11961172
11961666
11962088
11962272
11962342
11962354
11962390
11962391
11962392
11962393
11962395
11962396
11962397
11962528
11962681
11962705
11962862
11962875
11962876
11963028
11963059
11963149
11963164
11963488
11963964
11964193
11964293
11964753
11964760
11964781
11964783
11964795
11965463
11965485
11965583
11965742
11965764
11965954
11965972
11966252
11966474
11966634
11966636
11966733
11966744
11967235
11967330
11967331
11967763
11967779
11967973
11967992
11968023
11968027
11968028
11968029
11968036
11968046
11968051
11968127
11968147
11968190
11968200
11968262
11968296
11968491
11968586
11968700
11969443
11969475
11969578
11969850
11969983
11970268
11970290
11970292
11970995
11970996
11970997
11971030
11971111
11971300
11971389
11971474
11971489
11971490
11971728
11972142
11972241
11972421
11972477
11973272
11973552
11973571
11973574
11973575
11973687
11973689
11973691
11973768
11973992
11974171
11974212
11974263
11974286
11974326
11974332
RE49964
11974783
11975585
11975814
11975864
11975867
11975870
11975871
11975872
11976613
11976614
11976907
11977054
11977141
11977171
11977174
11977508
11977620
11977647
11977665
11978015
11978221
11978251
11979188
11979191
11979208
11979221
11979222
11979379
11979388
11979826
11980701
11981220
11981450
11981457
11981458
11981547
11982249
11982250
11982456
11982473
11982519
11982552
11982751
11982757
11983020
11983661
11983724
11983902
11984664
11984839
11984911
11984940
11984951
11984953
11984966
11984967
11984968
11984970
11985228
11985531
11985548
11985611
11985618
11985689
11985697
11986535
11986537
11986787
11987277
11987300
11987365
11987367
11987390
11987391
11987392
11987394
11987396
11987398
11987399
11987401
11987402
11988138
11988141
11988171
11988172
11988173
11988174
11988237
11988489
11988491
11988746
11988756
11988758
11989123
11989320
11989791
11989846
11990248
11990671
11990676
11990979
11990980
11990981
11990983
11991070
11991142
11991155
11991195
11991278
11991751
11991758
11991814
11991857
11992444
11992527
11992583
11992935
11993338
11993375
11993380
11993382
11993391
11993401
11993404
11993409
11993625
11994090
11994367
11994369
11994392
11994401
11994595
11994598
11994600
11994601
11995094
11995103
11995641
11995886
11995996
11996626
11996916
11996917
11996928
11996929
11996936
11997030
11997184
11997212
11997301
11997319
11997497
11997593
11997601
11997619
11997630
11997683
11997689
11997725
11998035
11998610
11998613
11998652
11998808
11999440
11999444
11999483
11999504
11999512
11999513
11999556
11999834
12000114
12000359
12000361
12000379
12000684
12000713
12000936
12000938
12001208
12001282
12001301
12001375
12001523
12001722
12002028
12002055
12003290
12003296
12003298
12003306
12003313
12003350
12003415
12003422
12003487
12003573
12003654
12003949
12004078
12004143
12004236
12004239
12004771
12004957
12005124
12005281
12005542
12005583
12005588
12005749
12005958
12005970
12006067
12006068
12006069
12006071
12006072
12006339
12006594
12006805
12006868
12006880
12006894
12006996
12007198
12007204
12007364
12007485
12007486
12007488
12007519
12007940
12008173
12008259
12008911
12009872
12009876
12009903
12009905
12009906
12010019
12010182
12010507
12010657
12010662
12010742
12010939
12011964
12012183
12012206
12012221
12012223
12012232
12012233
12012460
12012582
12012707
12013220
12013467
12013468
12013470
12013472
12013678
12013705
12015422
12015436
12015472
12015684
12015829
12015954
12016081
12016255
12016929
12016948
12017421
12017524
12017735
12017741
12017783
12017800
12017802
12017804
12017806
12017807
12017808
12018087
12018111
12018240
12018913
12019163
12019164
12019165
12019167
12019170
12019171
12019204
12019251
12019409
12019539
12019908
12020015
12020078
12020220
